1900	18
1901	25
1902	29
1903	37
1904	43
1905	26
1906	66
1907	46
1908	55
1909	63
1910	80
1911	98
1912	130
1913	135
1914	208
1915	216
1916	243
1917	379
1918	470
1919	1228
1920	2206
1921	3687
1922	5296
1923	7476
1924	9628
1925	12296
1926	15580
1927	18939
1928	23336
1929	27527
1930	33190
1931	36852
1932	41260
1933	42866
1934	46029
1935	48417
1936	51193
1937	54602
1938	60667
1939	65764
1940	77290
1941	81370
1942	87482
1943	101721
1944	107167
1945	104440
1946	132359
1947	139288
1948	136440
1949	133344
1950	138458
1951	142235
1952	142617
1953	141127
1954	140487
1955	140591
1956	139562
1957	135073
1958	125657
1959	116101
1960	117203
1961	119948
1962	122761
1963	137461
1964	142960
1965	136698
1966	131534
1967	129853
1968	129281
1969	135963
1970	141463
1971	147478
1972	156571
1973	173576
1974	185740
1975	183756
1976	180022
1977	175228
1978	172047
1979	166293
1980	149053
1981	140211
1982	138006
1983	134253
1984	133991
1985	133386
1986	131002
1987	128895
1988	130898
1989	126991
1990	129351
1991	128624
1992	121548
1993	121012
1994	107211
1995	96398
1996	91030
1997	90997
1998	90686
1999	89320
2000	91096
2001	91205
2002	93523
2003	94583
2004	98501
2005	103274
2006	107116
2007	115767
2008	120157
2009	118515
2010	117192
2011	108905
2012	108357
2013	105818
2014	108149
2015	108452
2016	107169
